%Listed in order from 2-class to 9-class

%Best Q-learning model stats for each size group, with accuracy <99%
    
mean = [
    8,
    15.4,
    14.62,
    15.94,
    17.14,
    17.73,
    17.61,
    19.25
    ]
    
min = [
    8,
    14,
    13,
    15,
    16,
    16,
    16,
    17
    ]
    
max = [
    8,
    17,
    16,
    17,
    19,
    20,
    19,
    21
    ]