%values are given in order from 2-class to 9-class
expected_error = [ 1/2, 2/3, 3/4, 4/5, 5/6, 6/7, 7/8, 8/9 ]
train_accuracy = [ 
    0.866541353383 , 
    0.739687055477  ,
    0.642244086247  ,
    0.589601046436  ,
    0.488643999462   ,
    0.463743315508   ,
    0.46146738126  , 
    0.385661110212   
    ]
test_accuracy = [
    0.863387978142, 
    0.722332670643, 
    0.6373840898, 
    0.553012967201, 
    0.458790347853, 
    0.438123752495, 
    0.418930573523,
    0.357682144205
    ]
f1_score = [
    0.867283703166, 
    0.725822367694, 
    0.641356334167, 
    0.572167333243, 
    0.503835275987, 
    0.454756642688, 
    0.425891148186, 
    0.372475691601
    ]  
improvement = 1.-(1.-test_accuracy)'./expected_error  
    
improvement = [
    0.72678,
    0.58350,
    0.51651,
    0.44127,
    0.35055,
    0.34448,
    0.33592,
    0.27739
];